**** \dump "input" ****
0
1
10
11
12
13
14
15
16
17
18
19
2
20
3
4
5
6
7
8
9
**** \dump "add_one" ****
0,1
1,2
10,11
11,12
12,13
13,14
14,15
15,16
16,17
17,18
18,19
19,20
2,3
20,21
3,4
4,5
5,6
6,7
7,8
8,9
9,10
**** \dump "sub_500" ****
0,-500
1,-499
10,-490
11,-489
12,-488
13,-487
14,-486
15,-485
16,-484
17,-483
18,-482
19,-481
2,-498
20,-480
3,-497
4,-496
5,-495
6,-494
7,-493
8,-492
9,-491
**** \dump "input_d8" ****
10.000000,10.000000
2.000000,10.000000
3.000000,10.000000
4.000000,10.000000
5.000000,10.000000
6.000000,10.000000
7.000000,10.000000
8.000000,10.000000
9.000000,10.000000
**** \dump "add_d8" ****
10.000000,10.000000,20.000000
2.000000,10.000000,12.000000
3.000000,10.000000,13.000000
4.000000,10.000000,14.000000
5.000000,10.000000,15.000000
6.000000,10.000000,16.000000
7.000000,10.000000,17.000000
8.000000,10.000000,18.000000
9.000000,10.000000,19.000000
**** \dump "sub_d8" ****
10.000000,10.000000,0.000000
2.000000,10.000000,-8.000000
3.000000,10.000000,-7.000000
4.000000,10.000000,-6.000000
5.000000,10.000000,-5.000000
6.000000,10.000000,-4.000000
7.000000,10.000000,-3.000000
8.000000,10.000000,-2.000000
9.000000,10.000000,-1.000000
**** \dump "mult_d8" ****
10.000000,10.000000,100.000000
2.000000,10.000000,20.000000
3.000000,10.000000,30.000000
4.000000,10.000000,40.000000
5.000000,10.000000,50.000000
6.000000,10.000000,60.000000
7.000000,10.000000,70.000000
8.000000,10.000000,80.000000
9.000000,10.000000,90.000000
